#' @keywords internal

HVT_COLOR_SCHEME <- c(
  "#6E40AA", "#6B44B2", "#6849BA", "#644FC1", "#6054C8", "#5C5ACE", "#5761D3", "#5268D8",
  "#4C6EDB", "#4776DE", "#417DE0", "#3C84E1", "#368CE1", "#3194E0", "#2C9CDF", "#27A3DC",
  "#23ABD8", "#20B2D4", "#1DBACE", "#1BC1C9", "#1AC7C2", "#19CEBB", "#1AD4B3", "#1BD9AB",
  "#1DDFA3", "#21E39B", "#25E892", "#2AEB8A", "#30EF82", "#38F17B", "#40F373", "#49F56D",
  "#52F667", "#5DF662", "#67F75E", "#73F65A", "#7FF658", "#8BF457", "#97F357", "#A3F258"
)

DOMAIN_COLORS <- c(
  "#0000FF", "#00FFFF", "#FFD700", "#00FF00", "#FF00FF",
  "#FF0000", "#F012BE", "#85144b", "#3D9970", "#39CCCC",
  "#01FF70", "#DDDDDD", "#AAAAAA", "#FF6F61", "#6B5B95",
  "#88B04B", "#F7CAC9", "#92A8D1", "#955251", "#B565A7"
)